
01111101001100000101100010000111001011001100010000110000100010011110011111001001111100111111001000100010100000100110000011100010
10010011100000111011010110010100111111011110100101100000100010110010001000011110101100101101011010000100000000100100111001010001
01000000101111010000001101100011111011000011111011110000110101011010000001011110100111011101101111111110010000001111100001100010
10000001110100011011001100101011110010000100110100001110010011001001101110110001111001111101111010010001110101011000111010100010
01101110111101001010010011110010011100110001110010001000101100011111010011110010100011010001100011001010000101000111100111010110
00000100011101010000000011001001110110101000010001011000100011101011011011000000000000001111011101100010100001111110001000100100
00001101111101010101100110101100100010010000000110111000100110000010100000111110010111101110101100110110100000111101011011011010
10000100010001010101100011110101011110010001100100011000101010101101000011101101010110110000011100000111111001111111111111001101
11101011010010011011100011111000011100101101000111000111011100100110100110101111111001101011110111100001000011111010011111000011
01111010100010010111110110010001111100000101111110001000101101010100100101011010101111100000001100001001000100101001011111111101
00011010011101000111100100001010100111110111000100110100001110110001001000110000100111011111011101010011001111010000011001100101
11000011001101110001001000110010000101110010000110100101010000110001101100100101100100010010000101001111000100101010101010001101
00000101101111110101110000011111001100110001101111110011001100010110111010010000100110101110000111110100001000001010101001100011
00000011111101110100001100101100100101011010111001000010111111100001111111001001000110010000011101001011111001000111011000000001
00011101111011101111000000010010010101001000100000101001010010110101011000111100100110110000110011111101110111010000110101101010
00110001001001000011111101010100111011011011011110101110010100000001011110101011110011000011100100010101100000010001000110010000
00111100110110111101111110011001111000110110010001101100000011111111000011111001101000110010100000101011000011101111000110110111
00111101110000010111011011011111000110101111111000111110111111100010000011111110101110111101101111010010001001001111101011101101
00010001100000111000110110101100001011101111110110010000000011101011110010110001111000101000110101011011000001000010010001110000
00101001000000111010000101000111001110100001101011110110011101110011101101101000110110101001001011101001100100110101111110110001
10000101111010010010110000001011100111001010110101100001100111001011001110110011000101010010011101001011101101010101110011001100
10111111111010000010100111001010110110000100001010001000101000010000010000010011001110000010111111110000010101011100111101110011
01010000000101010110100111110011101001110111000011001110101000110111101100100010101100100000010010101000101101111100101000111001
00001111101010101000000001100000001001011000100100011100001111010101000110110011000010011100111010000101110000111110001000000001
01111011100001000011100001111101001101011010011101011001100000010100001110100000001000000100011110010110001111111011110001111101
00011111101000000001010001001111111010110110110000011100100111100000001010001101110101110011111111010010110011100001100111100111
00000110111111101001110101110101110001111011110110110000101000101000000000011011111001100111101110111011101111101001100101001110
01010011001110010110110100010110010011011101011001111100011111111011110100100111001100001101101001001001001010111110010001011000
01100100010011101110001001110010110101110100100000100000101010110100001110110011000100110110100101110101111001111001110111101101
11110010010010110111011101101110001001101111011111011001010101011011010110101000111001110100110101111100000100100110100011100110
11111011001110111101110110101000011000101011001010100101110100110111011110000111000011100000110101000011101100110000111100100111
10101010000111101000101010110100101000011111100010100011100111010110101111100011101010000111011101100011100100110110000111000110
10101011111001011011110100100001010101100100011111110011011010000011101101111011010110100000110000100001000001010101110111101110
01101111000100111010101110101100111011111101110100101000111000110110000110110001011010101001110010000000011010100101010111100110
00100010110010000000111101011111011001010101110100001110000100111010001011111110100000001110101100100000100000011011000000010011
11000111101111001010110100011110110010001100011000100000000011101111110100010101000001100010011100000001111101100101100110000010
11010010010000100001110100100111000110101110000110110011100011010100010101011000101110110011110110101011110111011010011111110001
10010010000011001110000010001001100100100001100000100000111011001111001010111111000111110001010001011110101001110100101110001001
01110100001101101100100000111111001111101100101010011011001001111110111101110110011111101010000010111101010110001101001010111110
11101101001010010110011001011011011111110010001010010001001101010101000000000101100010110110001011110000100100000111101011111101
11100101110011001000111101011000110011001011100001011011000011100110111111001000100000001111101111101000111001101011101101101001
11100110001011100010010110010011010000001011110011110011110010000101101110010000011110101010110001010001110101100011011011100011
00111010110001111011110010000101010101111111100110010011010011111101010100110011000100000011111110011010110000101010101100010010
00101011110110111011110101100001110001001100011110010110101001101100011011111101001000111101000011110101101000101110101111011100
01000111001111000001101001100010011000011101000011111001001111101010111100100001001000101110101010111000100001000111001010011101
00100110000000011110100111100010000001000010101110010110011110011110101001100001110001111110010110101101001001011101111110110111
01001100111011110111010000011001100110001000011000100101110001011111000101001101001110001110110100011001011001010011101011100110
01100101010001010010011011010100100111111000001100000001001010000110110110001010010000011101000010100111101100101111000011111000
11010000000111101010000001110011110110001110001111010111011001010000111011110000111011100100010000001010011101100011011110010011
11011100011101101101000111001000011100000011011111010110000101111000011100101011010100000111010010101110100011100000111110100101
01000100111101010001001101101101101011110011000110000100110011000000000000111110000101100011100110110010010011101100010000100011
00101110001010011010010100110010000111010011100111001000001110000000011010100001011001000111111011010111011111101110101010111111
00010001001110011011011111110000010011111011110010011001010100000101000111011001011101101101010101001010101101000011110001011110
11001001110110000010100001100110100100000010011000111000010001000000110001010011111111011110011011110010010100011100001001000101
01000100011101100101110001001010101110011010001111010011101000011111111011111101111001111000111010100010001101101111111110111000
01011001101001111011111010111001010010010111110010111000000000111101001001101010110111000110110101111101010110100100110100010101
10011011111001000111100110100110011010001010101010000001111111100110110001010010010101011101001000101101011011101100011100000111
11000001001001010001001101100011001001101001010110011101011011001010100111110000011010110100100110110111111010011000101010111001
11000010000000101111011000010110111010101101111000001001110000110000110111000011101010010100000111100101100100101000110001011101
01101111000010111001011000101000100111000011110110101010111011011001011001011110010001010111101101100011010000100001001001100110
00010011010010110001001100001001010011010101001111101111010001110011001010101011100110100010001000001001101000100001000010010001
11000011100000100101110000101111000101100100111000111001010111010011001110100111011011010000111001111100100011001001100111000000
11100010001011011100010000100000111010100001110100000011110101100110010101100100101101111110001011011100100011101100101011101110
00111010011100010001011011001000111110101111000000000110101101111011010010111110000000101111001111110011110101000111100110011110
11111110001100101001001010111110010111001110101100110010100000111101001011001010010101101011110000110111011111011101011000110010
10000010100111110001001100011101101011100110001001111111000001100001100010101110101011010011001101110100011101101001010011111001
00100110100101011000000101101101011101001111100001101111010100010100101111001010011111000011010001111110010110111010010100001011
11010111110101110101001001101110011100001001011000011111010101000000011110001111111011110100110000001000101100011000011101011011
01000010001110011010100111011011011110100100110011110011010100110101110100000111110011010011101000001100100011100011011100001001
10000001001100011110011011000111101101010110111000001110000110011110011011101011110100010011001100110110001110000000100110010111
01100001001101001101010001101010100100011000001011110111101101000011111001110111011000111010100110011110100011100110001111110110
01011100001110011111110011000100001111100000111101101111001101001010011111110110101111000100101101110101001011110011101010100101
00110110101000111010010010110111000000111110001010101100011011110001100111100000000011010111010100011010001000111000001101100111
11010010110100110111100000111011101010001100100111110011111010011000001011010100001001001101001101010000010011101101010010110010
01000100000011010011001110101011010011100111001101010011111011110100111010101001111110010011000110000010100010000110010010011001
11101000101101110101111111111110011101111101011011000001110001110100010010011111001101000100010001110111011001110000000101110100
11101011010111001010000110101010100001111101110011110010011011100101111011010001000101010101010111111110011101110101110111110111
10000111111010010100101000011011111010100100101001001111000001101110101101101001101011000101000101010110101001010100100101010001
10011111001111011010011101001101111110101011010111011111110001111111001101010011110101111010001010011000000011111101110000100110
10111010010000111100100011010011110110001011010101101100100010011101101101001111010011011001111000100101010011010110001110011001
00101010110010000111100111101100000101010001011100100000101101100010010001001001001000101001000000110010100100001101110110111100
00000110101110110000110111011010111000010011110100000110010101000111010000001111010101110111000100111100010001000000011001110111
11011001101010000101001111111011110101101111010011000100010110010010110101101001100101001110010001011111111010001111011001010110
11011001000000010000100110111110011101111010011000110100101010111101100001111010100010100110101101000000011010011111011011001101
11111100000011000010010001110001101100111001100111100011010111100000101111010001010110110001110100111101000111001110100001000110
00001100110100010100001111011000001011101100111000011000000110100000100001110000001000000000101110111000100001000010000011101001
00001001110111001101101011001000001001100111010101111100001011011011111111010101010100010111010101110001001111000111100101011001
01110011101100000000110011001001101100000000101001010011100001111001000001101101101101101100011001011111101010010111100100100100
11010110000101110110100100011010011100000111101010110100111000011100001000010010111111001101111101011100001111111010010111111001
00110110000011001010101010111100010110111111111000100110010011111000110101000110010110001111110101000010101001100110001101000000
11011100110011001000001110111000010001000110010101000000010010111100011110110111111101010010111101110110111011011011000010000010
01000111001001010011100101111001110110011111000100010011111010111101010111011011111011011001111010111010010001111001110010100000
11110110111110111000111100100010000011010010001000101110010010100011000010100101110111010101100100111010101010110010110100001001
00110101011000011000010000101110110000001111010101010110001101010111110010010101110111010000001010011011010110100000001110000100
11110111000100100101101101100001011011000000010101101100110100011001000110100111111111100011110000111011001101011100011010110110
11110011001000011110111010000100111001111100000111010111110100001000001110110100101101100001101011110100000100010001100110100110
10101011001011110101111100110111011010001000000101011101001111111100111011001001011110010101111001101011100100111011100001001111
00011001110001001101011111100101101000000000110111101110011101101011010000101101100110010100111010100101110110110110011000100100
11000111000111011110100111111000001100101101101111100101010010101101000110010011111111110100100111110101101010000001101010111110
00010110100010101000111011101110010110101100001010001010011000101001011111000010010111101111010010010100010110101111101100010101
11100001110000010011001110111101011000000110000111010110010110111101010100110000111010110110100001101110110101101011111101110011
11100000111101001000010001000010010010001000101011110100100111010100010110101100110110000010110110000101011111111111011100101110
11111111010110101100110111110101001000101001001010100011110000100111010000011011011111001011101000001100000011000010010111100000
10010001010101001110111111111110110010011000001101010001001011101100100011101110111000100110000111000111101100101101101000110000
11111000000001111110011111111011110001111001011111010011100010010001000101100001111101111101000011110101011011011110001000011100
11011111011010110000000001000001000001110111001100111110110101101010011100000011000011000110101001111000111110000000100101001010
11011101111010001010100101110101100010001000110011011000101100101100111011101000011010110000101010110011111011110110100000010110
01110101000101111000010110110010001001010100101111100001101011111011100000110001001000100101110001011010011011111101000101101010
11011101100100110110101000011100001011000000111001111001000101000010100011010100001101010010001101010001101100100111011011011110
11001010100010010100111101001001011001111011001111111011111010011011111101011010101001101001100111101100001110101011111110000001
11011010001000001010001011011001000010110110000101100101110010000100110111100110010010001010100100110101001110101100011100101000
11011110100100001100001110010000111011110010001100011111111111101101101000111001110001011110011000011011000100010000111000011001
11101110000001110010101101011000001001100010001101110001001111011110100110000110011100000000111100111111111111000001100101011000
10011001101001011010100001100101111001010010011100101100100001011000010111010011001100110010100010000011011001011101101100010111
10100101000001100110111000010100001110010111001100011110111110000101100000011100111000010001001010010011000100110101010010111101
00100110101011001110100000101100010111110101011001100010110101011010001001101001001010110010011110101010000101000100011001110010
01101111100111101101111000000101000001011110110010101110011011011111100001110011111001101110000111001001001100100101111100111011
11111110010000100110110100000101001100101010101000011000100011010111010100011011101000011010111110101100000011100010110101000010
10111110111110011011110000010010011110000000101001101110101001101010010101011000001001111110001011100010110110110000010001101000
11111001000111000111100011010001100101001101000001111011101010011011100101110001000111101110000111010001110101111000101110110010
11101111000010101000000001000001101000001100100111001000001011101011000010011001011011000001000111101100010001110111000100000010
10000010000100011010000010000001010100011111000001001011101011101100011110100110000101111101011011010001010110110100001100101010
00000010110010100111111011011011110111011001111110000011010000000101100001101101001000110100111101001101001011001000101000010110
00101101010101111111011011111001011110011111100101101001011010110011110000111101011010000111000101100100111001100111010100100000
00011000001101010011111001011101100100011100101011101000011011011100100111001110110001100101111001100000111010101001101100011100
00111110110010000110100011111100100011101101000001101011011110011101011001011100001001100001110000111011110000001110110011010100
00111100001111001000001101101000011111110111110000011000000101100001110101101111001100010110011011101011010110111010001011111010
11000101100010010101010001100110101100100101110100100111100010101011111101100100001100001011100001110100000010010100111000100100

00001000000000000000000000000000000000000000000000000000000000000011000000000000000000000000000000000000000000000000000000000000
00000000000000000000000000000000000000000000000000011000000000000011000000000000000000000000000000000000000000000000000000000000
00000000000000000011000000000000000000000000000000100100000000000000000000000000000000000000000000011000000000000000000000000000
00000000000000000011000000000000000000000000000000011000000000000000000000000000000000000000000000011000000000000000000000000000
00000000000000000000000000000000000000000000000000000000000000000000000000000000000000000000000000000000000000000000000000000000
00000000000000000000000000000000000000000000000000000000000000000000000000000000000000000000000000000000000011000000000000000000
00000000000000000000000000000000000000000000000000000000000000000000000000000000000000000000000000011000000100100000000000000000
00000000000000000000000000000000000000000000000000000000000000000000000000000000000000000000000000100100000010100000000000000000
00000000000000000000000000000000000000000000000000000000000000000000000000000000000000000000000000011000000001000000000000000000
00000000000000000000000000000000000000000000000000000000000000000000000000000000000000000000000000000000000000000000000000000000
00000000000000001110000000000000000000000000000000000000000000000000000000000000000000000000000000000000000000000000000011000000
00000000000000000000000000000000000000000000000000000000000000000000000000000000000000000000000000000000000000000000000011000000
00000000000000000000000000000000000000000000000000000000000000000000000000000000000000000000000000000000000000000000000000000000
00000000000000000000000000000000000000000000000000000000000100000000000000000000000000000000000000000000000000000000000000000000
00000000000000000000000000000000000000000000000000000000000100000000000000000000000000000000000000000000000000000000000000000000
00000000000000000000000000000000000000000000000000000000000100000000000000000000000000000000000000000011100000000000000000000000
00000000000000000000000000000000000000000000000000000000000000000000000000000000000000000000000000000000000000000000000000000000
00000000000000000000000000000000000000000000000000000000000000000000000000000000000000000000000000000000000000000000000000000000
00000000000000000000000000000000000000000000000000000000000000000000000000000000000000000000000000000000000000000000000000000000
00000000000000000000000000000000000000000000000000000000000000000000000000000000000000000000000000000000000000000000000000000000
00000000000000000000000000000000000000000000000000000000000000000000000000000000000000000000000000000000000000000011000000000000
00000000000000001100000001100000000000000000000000000011000000000000000000000000000000000000000000000000000000000011000000000000
00000000000000010010000010010000000010000000000000000011000000000000000000000000000000000000000000000000000000000000000000000000
00000000000000001100000001100000000010000000000000000000000000000000000000000001100000000000000000000000000000000000000000000000
00000000000000000000000000000000000010000000000000000000000000000000000000000001100000000000000000000011100000000000000000000000
00000000000000000000000000000000000000000000000000000000000000000000000000000000000000000000000000000000000000000000000000000000
00000000000000000000000000000000000000000000000000000000000000000000000000000000000000000000000000001000001000000000000000000000
00000000000000000000000000000000000000000000000000000000000000000000000000000000000000000000000000001000001000000000000000000000
10000000000000001100000000000000000000000000000000000000000000000000000000000000000000000000000000001000001000000000000000000001
01000000000000001100000000000000000000000000000000000000000000000000000000000000000000000000000000000000000000000000000000000001
11000000000000000000000000110000000000000000000000000000000000000000000000000000000000000000000000000011100000000000000000000000
00000000000000000000000000110000000000000000000000000000000000000000000000000000000000000000000000000000000000000000000000000000
00000000000000000000000000000000000000000000000000000000000000000000000000000000000000000000000000000000000000000000000000000000
00000000000000000000000000000000000000000010000000000000000000000000000000000000000000000000000000000000000000000000000000000000
00000000000000000000000000000000000000000010000000000000000000000000000000000000000000000000000000000000000000000000000000000000
00000000000000000000000000000000000000000010000000000000000001100000000000000000000000000000000000000000000000000000000000000000
00000000000000000000000000000000000000000000000000000000000010010000000000000000000000000000000000001000000000000000000000000000
00000000000000000000000000000011000000111000111000000000000001100000000000000000000000000000000000010100000000000000000000000000
00000000000000000000000000000011000000000000000000000000000000000000000000000000000000000000000000011000000000000000000000000000
00000000000000000000000000000000000000000010000000000000000000000000001100000000000000000000000000000000000000000000000000000000
00000000000000000000000000000000000000000010000000000000000000000000010010000000000000000000000000000000000000000000000000000000
00000000000000011000011000110000000000000010000000000000000000000000010100000000000000000000000000000000000000000000000000000000
00000000000000011000011000110000000000000000000000000000000000000000001000000000000000000000000000000000000000000000000000000000
00000000000000000000000000000000000000000000000000000000000000000000000000000000000000000110000000000000000000000000000000000000
00000000000000000000000000000000000000000000000000000000000000000000000000000000000000000110000000000000000000000000000000000000
00000000000000000000000000000000000000000000000000000000000000000000110000000000000000000000000000000000000000000000000000000000
00000000000000000000000000000000000000000000000000000000000000010000110000000000000000000000000000000000000000000000000000011100
00000000000000000000000000000000000000000000000000000000000000101000000000000000000000000000000000000000000000000000000000000000
00000000000000000000000110000000000000000000000000000000000000101000000000000000000000000000000000000000000000000000000001000001
00000000000000000000001001000000000000000000000000000000000000010000000000000000000000000000000000000011100000000000000001000001
00000000000000000000000110000000000000000000000000000000000000000000000000000000000000000000000110000000000000000000000001000001
00000000000000000000000000000000000000000011000000000000000000000000000000000000000000000000000110000000000000000000000000000000
00000000000000000000000000000000000000000011000000000000000000000000000000000000000000000000000000000000000000000000000000011100
00000000000000000000000000000000000000000000000000000000000000000000000000000000000000000000000000000000000000000000001100000000
00000000000000000000000000000000000000000000000000000000000000000000000000000000000000000000000000000000000000000000001100000000
00000000000000000000000000000000000000000000000000000000000000000000000000000000000000000000000000000000000000000000000000000000
00000000000000000000000000000000000000000000000000000000000000000000000000000000000000000000000000000000000000000000000000000000
00000000000000000000000000000000000000000000000000000000000000000000000000000000000000000000000000000000000000000000000000000000
00000000000000000000000000000000000000000000000000000000000000000000000000000000000000000000000000001000000000000000000000000000
00000000000000000000000000000000000000000000000000000000000000000000000000000000000000000000000000001000000000000001100000000000
00000000000000000000000000000000000000000000000000000000110000000000000000000000000000000000000000001000000000000001100000000000
00000000000000000000000000000000000000000000000000000000110000000000000000000000000000000000000000000000000000000000000000000000
00000000000000000000000000000000000000000000000000000000000000000000000000000000000000000000000000000000000000000000000000000000
00000000000000000000000000000000000000000000000000000000000000000000000000000000000000000000000000000000000000000000000000000000
10000000000000000000000000000000000000000000000000000000000000000000000000000000000000000000000000000000000000000000000000000001
01000000000000000000000000000000110000000000000000000000000000000000000000000000000000000000000000000000000000000000000000000010
10000000000000000000000000000000101000000000000000000000000000000000000000000000000000000000000000000110000000000000000000000001
00000000000000000000000000000000010000000000000000000000000000000000000000000000000000000000000000000110000000000000000000000000
00001000000000000000000000000000000000000000000000000000000000000000000000000000000011100000010000000000000000000000000000000000
00010100000000000000000000000000000000000000000000000000000000000000000000000000000000000000101000000000000000000000000000000000
00010100000001000000000000000010000000000000000000000000000000000000000000000000000000001000101000000000000000000000000000000000
00001000000001000000000000000101000000010000000000000001100000000000000000000000000000001000010000000000000000000000000000000000
00000000000001000000000000000101000000010000000000000001100000000000000000000000000000001000000000000000000000000000000000000000
00000000000000000001000001000010000000010000000000000000000000000000000000000000000000000000000000000000000000000000000000000000
00000000000000000001000001000000000000000000000000000000000000000000000000000000000011100000000000000000000000000000000000000000
00000000000000000001000001000000000000000000000000000000000000000000000000000000000000000000000000000000000000000000000000001000
00000000000000000000000000000000000000000000000000000000000000000000000000000000000000000000000000000000000010000000000000010100
00000000000000010000011100000010000000000000000000000000000000000000000000000000000000000000000000000000000101000000000000100100
00000000000000101000000000000010000000000000000000000000000000000000000000000000000000000000000000000000000101000000000000011000
00000000000000101000000000000010000001110000000000000000000000000000000000000000000000000000011100000000000010000000000000000000
00000000000000010000000000000000000000000000000000000000000000000000000000000000000000000000000000000000000000000000000000000000
00000000000000000000000000000000000000000100000000000000000000000000000001100000000000000000000000000000000000000000000000000000
00000000000000000001100000000000000000000100000000000000000000000000000001100110000000000000000000000000000000000000000000000000
00000000000000000010010000000000000000000100000000000000000000000000000000000110000010000000000000000000000000000000000000000000
00000000000000000001100000000000000000000000000000000000000000000000000000000000000101000000000000000000000000000000000000000000
00000000000000000000000000000000000001110000000000000000000000000000000000000000000110000000000000000000000000000000000000000000
00000000000000000000000000000000000000000000000000000000000000000000000000000000000000000000000000000000000000000000000000000000
00000000000000011000000000000000000000000000000000000000000000000000001000000000000000000000000000000000000000000000010000000000
00000000000000011000000000000000000000000000000000100000000000000000010100000000000000000000000000000000000000000000101000000000
00000000000000000000000000000000000000000000000000100000000000000000011000000000000000000000000000000000000000000000101000000000
00000000000000000000000000000000000000000000000000100000000000000000000000000000000000000000000000000000000000000000010000000000
00000000000000000000000000000000000000000000000000000000000000000000000000000000000000000000011000000000000000000000000000000000
00000000000000000000000000000110000000000000000000000000000000000000000000000001000000000000011000000000000000001100000000000000
00000000000000000000000000001001000000000000000000000000000000000000000000000001000000000000000000000000000000010010000000000000
00000000000000000000000000000110000000000000000000000000000000000000000000000001000000000000000000000000000000001100000000000000
00000000000000000001100000000000000000000000000000000000000000000000000000000000000000000000000000000000000000000000000000000000
11000000000000000001100000000000000000000000000000000000000000000000000000000000000000000000110000000000000000000000000000000000
11000000000011100000000000000000000000000000000000000000100000000000000000000000000000000000110000000000000000000000110000000000
00000000000000000000000000000000000000011000000000000001010000000000000000000000000000000000000000000000000000000000110000000000
00011000000000000000000000000000000000100100000000000001010000000000001110000000000000000100000000000000000000000000000000000000
00011000000000000000000000000000000000101000000110000000100000000000000000000000000000001010000000000000000000000000000000000000
00000000000000000000000000000000000000010000001001000000000000000000000000000000000000001010000000000000000000000000000000000000
00000000000000000000000000000000000000000000000110000000000000000000110000000000000000000100000000000000000000000000000000000000
00000000000000000000000000000000000000000000000000000000000000000000110000000000000000000000000000000000000000000000000000000000
00000000000000000000000000000000000000000000000000000000000000000000000000000000000000000000000000000000000000000000000000000000
00000000000000000000000000000000000000000000000000000000000000000000000000000000000000000000000000000000000000000000000000000000
00000000000000000000000000000000000000000000000000000000000000000000000000000000000000000000000000000000000000000000000000000000
00000000000000000000000000000000000000000000000000000000000000000000000000000000000000000000000000000000000000000000000000000000
00000000000000000000000000000000000000000000000000000000000000000000000000000000000000000000000000000000000000000000000000000000
00000000000000000000000000000000000000000000000000000000000000000000000000000000000000000000000000000000000000000000000000000000
00000000100000000000000000000000000000000000000000000000000000000000000000000000000000000000000000001100000000000000000000000000
00000000100000000000000000000000000000000000000000000000000000000000000000000000000000000000000000001100000000000000000000000000
00000000100000000000000000000000000000000000000000000000000000000000000000000000000000000000000000000000000000000000000000000000
00000000000000000000000000000000000000000000000000000000000000000000000000000000000000000000000000000000000000000000000000000000
00000000000000000000000000000000000000000000000000000000000000000000011100000000000000000000000000000000000000000000000000000000
00000000000000000000000000000000000000000000000000000000000000000000000000000000000000000000000000000000000000000000000000000000
00000000000000000000000000000000000000000000000000000000001000000001000001000000000000000000000000000000000000000000000000000000
00000000000000000110000000000000000000000000000000000000001000000001000001000000000000000000000000000000000000000000000000000000
00000000000000001001000000000000000000110000000000000000001000000001000001000000000000000000000000000000000000110000000000110000
00000000000000000101000000000000000000110000000000000000000000000000000000000000000000000000000000000000000000110000000001001000
00000000000000000010000000000000000000000000000000000000000000000000011100000111000000000000000000000000000000000000000000110000
00000000000000000000000000000000000000000000000000000000000000000000000000000000000000000000000000000000000000000000000000000000
00000000000000000000000011000000000000000000000000000000000000000000000000010000010000000000000001000000000000000000001000000000
00000000000000000000000011000000000000000000000000000000000000000000000000010000010000000000000001000000000000000000010100000000
00000000000000000000000000000000000000000000000000000000000000000000000000010000010000000000000001000000000000000000010100000000
00001100000000000000000000000110000000000000000000000000000000000000000000000000000000000000000000000000000000000000001000000000
00010010000000000000000000001001000000000000000000000000000000000000000000000111000000000000000000000000000111000000000000000000
00010100000000000000000000000110000000000000000000000000000000000000000000000000000000000000000000000000000000000000000000000000
1437 2